18 2
19 1.66
20 1.69
21 1.65
22 1.71
23 1.32
24 1.21
25 1.29
26 1.38
27 1.19
28 1.21
29 1.26
30 1.16
31 1.02
32 1.36
33 1.47
34 1.54
35 1.48
36 1.53
37 1.51
38 1.5
39 1.43
40 1.37
41 1.36
42 1.26
43 1.14
44 1.11
45 1.06
46 .92
47 .87
48 .94
49 1.03
50 1
51 .88
52 .86
53 .94
54 .95
55 .96
56 .99
57 .99
58 .9
59 .89
60 .9
61 .86
62 .83
63 .79
64 .77
65 .78
66 .79
67 .79
68 .75
69 .71
70 .66
71 .62
72 .56
73 .58
74 .95
75 .9
76 .92
77 .91
78 .81
79 1.19
80 1.67
81 1.69
82 1.4
83 1.22
84 1.08
85 1.01
86 .53
87 .52
88 .47
89 .54
90 .68
91 .59
92 .53
93 .47
94 .43
95 .43
96 .48
97 .45
98 .23
99 .32
100 .64
101 .56
102 .48
