18 0.1897
19 0.1531
20 0.1626
21 0.1542
22 0.1605
23 0.1253
24 0.1151
25 0.1200
26 0.1274
27 0.1113
28 0.1151
29 0.1151
30 0.1097
31 0.0958
32 0.1300
33 0.1425
34 0.1484
35 0.1428
36 0.1394
37 0.1431
38 0.1484
39 0.1394
40 0.1250
41 0.1264
42 0.1148
43 0.1126
44 0.1089
45 0.1043
46 0.0886
47 0.0806
48 0.0889
49 0.0986
50 0.0962
51 0.0819
52 0.0784
53 0.0902
54 0.0888
55 0.0894
56 0.0931
57 0.0931
58 0.0818
59 0.0805
60 0.0834
61 0.0815
62 0.0797
63 0.0717
64 0.0695
65 0.0723
66 0.0729
67 0.0730
68 0.0711
69 0.0670
70 0.0624
71 0.0556
72 0.0508
73 0.0538
74 0.0882
75 0.0855
76 0.0846
77 0.0849
78 0.0746
79 0.1122
80 0.1592
81 0.1600
82 0.1322
83 0.1162
84 0.1022
85 0.0953
86 0.0486
87 0.0480
88 0.0421
89 0.0497
90 0.0634
91 0.0543
92 0.0485
93 0.0418
94 0.0382
95 0.0390
96 0.0439
97 0.0407
98 0.0203
99 0.0282
100 0.0586
101 0.0513
102 0.0436
	
	


	
	
