18 1.8495
19 1.4896
20 1.5830
21 1.5004
22 1.5618
23 1.2163
24 1.1155
25 1.1637
26 1.2367
27 1.0782
28 1.1155
29 1.1155
30 1.0627
31 0.9261
32 1.2625
33 1.3850
34 1.4429
35 1.3881
36 1.3540
37 1.3910
38 1.4430
39 1.3540
40 1.2129
41 1.2268
42 1.1130
43 1.0912
44 1.0548
45 1.0094
46 0.8550
47 0.7767
48 0.8580
49 0.9528
50 0.9294
51 0.7888
52 0.7546
53 0.8706
54 0.8568
55 0.8630
56 0.8991
57 0.8994
58 0.7876
59 0.7754
60 0.8033
61 0.7848
62 0.7677
63 0.6885
64 0.6669
65 0.6948
66 0.7007
67 0.7017
68 0.6824
69 0.6424
70 0.5974
71 0.5305
72 0.4829
73 0.5124
74 0.8514
75 0.8242
76 0.8160
77 0.8188
78 0.7168
79 1.0873
80 1.5496
81 1.5574
82 1.2842
83 1.1265
84 0.9889
85 0.9205
86 0.4612
87 0.4551
88 0.3974
89 0.4720
90 0.6073
91 0.5171
92 0.4605
93 0.3942
94 0.3594
95 0.3672
96 0.4157
97 0.3840
98 0.1833
99 0.2610
100 0.5600
101 0.4876
102 0.4119
	
	

	
	
