18 0.25
19 0.25
20 0.3
21 0.26
22 0.25
23 0.22
24 0.21
25 0.22
26 0.23
27 0.21
28 0.21
29 0.21
30 0.2
31 0.17
32 0.18
33 0.18
34 0.19
35 0.19
36 0.19
37 0.2
38 0.2
39 0.19
40 0.18
41 0.19
42 0.2
43 0.21
44 0.21
45 0.21
46 0.21
47 0.23
48 0.26
49 0.27
50 0.27
51 0.27
52 0.27
53 0.29
54 0.29
55 0.29
56 0.3
57 0.31
58 0.3
59 0.3
60 0.31
61 0.31
62 0.31
63 0.3
64 0.3
65 0.31
66 0.32
67 0.33
68 0.34
69 0.35
70 0.36
71 0.36
72 0.36
73 0.39
74 0.53
75 0.57
76 0.6
77 0.64
78 0.65
79 0.88
80 1.22
81 1.35
82 1.28
83 1.23
84 1.2
85 1.2
86 0.93
87 0.96
88 0.96
89 1.06
90 1.22
91 1.2
92 1.19
93 1.17
94 1.17
95 1.21
96 1.29
97 1.29
98 1.12
99 1.22
100 1.56
101 1.53
102 1.48
