18 0.20
19 0.1684238
20 0.176624549
21 0.169375
22 0.174758324
23 0.144445618
24 0.135607181
25 0.139835052
26 0.146238532
27 0.132334025
28 0.135607181
29 0.135607181
30 0.130972973
31 0.118990499
32 0.148498024
33 0.15925
34 0.164326146
35 0.159525692
36 0.156532468
37 0.159774436
38 0.164340589
39 0.156532468
40 0.144149485
41 0.14536855
42 0.13538206
43 0.133475992
44 0.130276923
45 0.126298897
46 0.11275
47 0.105878543
48 0.113011236
49 0.121334344
50 0.119280899
51 0.1069375
52 0.103944142
53 0.114117647
54 0.11290604
55 0.113454545
56 0.116622429
57 0.116647399
58 0.106839475
59 0.105769231
60 0.108213415
61 0.106590223
62 0.105092648
63 0.098141593
64 0.096243448
65 0.09869341
66 0.099214485
67 0.099302703
68 0.097603734
69 0.094097393
70 0.090148837
71 0.084278075
72 0.080103627
73 0.082695122
74 0.112435005
75 0.11004361
76 0.109327411
77 0.109571046
78 0.100622924
79 0.13313277
80 0.173688938
81 0.174374504
82 0.15040404
83 0.136573034
84 0.124496178
85 0.118495219
86 0.07819664
87 0.077664442
88 0.072599939
89 0.079144105
90 0.091021958
91 0.083103631
92 0.078139714
93 0.07231951
94 0.069265619
95 0.069953808
96 0.074206833
97 0.071427126
98 0.053813953
99 0.060632719
100 0.086867925
101 0.080514676
102 0.073876
