Retail sales and use taxes $ 5,912,004 $ 22,543 $ - $ - $ 20,011 $ 5,954,558 $ 5,827,895
Business and occupation taxes 1,970,054 48,273 - - - 2,018,327 1,829,503
Property taxes 1,366,714 - - - - 1,366,714 1,332,837
Excise taxes 476,508 32,902 - - - 509,410 840,120
Motor vehicle and fuel taxes 2,865 733,281 - - - 736,146 755,428
Other taxes 947,163 395,392 - - - 1,342,555 1,237,697
Licenses, permits, and fees 123,896 490,336 - - 2,340 616,572 598,035
Timber sales 62,406 72,905 - 5,723 - 141,034 178,514
Other contracts and grants 206,269 312,650 - 4,648 77,182 600,749 625,500
Federal grants-in-aid 4,633,596 1,121,694 164 2,079 393,942 6,151,475 5,664,520
Charges for services 39,757 888,487 - 23,300 207,065 1,158,609 1,044,934
Unemployment compensation contributions - - - - 947,061 947,061 939,475
Investment gains (losses) 145,800 128,341 3,598 2,824 1,432 281,995 496,967
Miscellaneous revenue 157,939 293,790 4,580 21,121 224,168 701,598 661,193
Total Revenues 16,044,971 4,540,594 8,342 59,695 1,873,201 22,526,803 22,032,618
General government 673,692 147,076 - 60,638 230,373 1,111,779 882,036
Human services 7,653,107 718,924 - 7,376 1,105,981 9,485,388 8,665,828
Natural resources and recreation 368,367 249,249 - 19,563 6,081 643,260 555,328
Transportation 48,290 1,045,109 - 338 163,500 1,257,237 1,006,706
Education 6,608,269 1,796,933 - 64,578 312,200 8,781,980 8,243,754
Intergovernmental 57,068 264,016 - - - 321,084 645,855
Capital outlays 95,419 609,722 - 487,386 16,470 1,208,997 1,195,529
Principal 15,756 10,518 373,529 29 45 399,877 388,282
Interest 2,733 8,020 382,373 1,722 7 394,855 359,188
Total Expenditures 15,522,701 4,849,567 755,902 641,630 1,834,657 23,604,457 21,942,506
Over (Under) Expenditures 522,270 (308,973) (747,560) (581,935) 38,544 (1,077,654) 90,112
